64 315 0 
24 375 0 
26 310 0 
238 244 0 
234 268 0 
206 424 0 
361 431 0 
112 358 0 
396 442 0 
128 312 0 
400 390 0 
147 305 0 
383 474 0 
78 457 0 
246 414 0 
201 335 0 
322 494 0 
343 389 0 
341 472 0 
105 370 0 
79 461 0 
109 338 0 
183 404 0 
307 327 0 
264 381 0 
270 403 0 
164 478 0 
464 455 0 
328 413 0 
115 298 0 
122 426 0 
440 419 0 
4 417 0 
171 443 0 
124 394 0 
240 320 0 
69 361 0 
312 388 0 
0 423 0 
248 328 0 
299 445 0 
310 354 0 
190 279 0 
27 475 0 
216 454 0 
305 476 0 
438 428 0 
412 433 0 
131 337 0 
290 352 0 
55 459 0 
91 368 0 
25 448 0 
95 292 0 
61 400 0 
249 287 0 
150 300 0 
370 415 0 
92 324 0 
348 344 0 
142 364 0 
173 333 0 
35 449 0 
204 408 0 
65 438 0 
194 269 0 
94 437 0 
276 458 0 
47 314 0 
161 489 0 
366 471 0 
242 498 0 
302 405 0 
280 299 0 
17 373 0 
37 456 0 
218 499 0 
98 497 0 
155 331 0 
403 420 0 
182 393 0 
48 366 0 
162 392 0 
13 351 0 
138 350 0 
31 493 0 
323 468 0 
227 349 0 
291 447 0 
16 425 0 
278 313 0 
443 465 0 
224 321 0 
33 395 0 
437 473 0 
225 427 0 
397 386 0 
127 379 0 
357 486 0 
422 421 0 
197 410 0 
202 275 0 
334 436 0 
405 453 0 
250 483 0 
181 411 0 
286 360 0 
221 412 0 
345 353 0 
260 336 0 
268 264 0 
226 401 0 
228 374 0 
176 291 0 
219 491 0 
175 347 0 
337 480 0 
174 481 0 
409 460 0 
271 289 0 
297 397 0 
123 340 0 
499 385 1 
493 232 1 
475 198 1 
429 309 1 
439 125 1 
381 214 1 
410 294 1 
435 250 1 
336 112 1 
467 316 1 
362 162 1 
351 182 1 
490 288 1 
346 110 1 
368 329 1 
294 72 1 
384 175 1 
364 64 1 
434 181 1 
447 99 1 
326 74 1 
390 50 1 
487 187 1 
315 169 1 
494 28 1 
496 277 1 
481 41 1 
394 122 1 
419 215 1 
335 237 1 
441 377 1 
471 318 1 
491 409 1 
358 253 1 
444 95 1 
473 262 1 
272 179 1 
460 39 1 
360 242 1 
406 16 1 
392 229 1 
338 280 1 
309 218 1 
431 322 1 
411 202 1 
424 37 1 
476 304 1 
359 53 1 
402 234 1 
316 251 1 
469 317 1 
344 146 1 
289 127 1 
451 384 1 
325 212 1 
454 82 1 
423 332 1 
456 231 1 
428 308 1 
375 151 1 
497 105 1 
421 184 1 
393 83 1 
298 106 1 
301 236 1 
482 248 1 
332 86 1 
485 211 1 
377 144 1 
314 33 1 
413 254 1 
483 130 1 
492 173 1 
442 159 1 
313 171 1 
461 371 1 
308 193 1 
399 285 1 
339 273 1 
480 342 1 
468 208 1 
363 267 1 
479 91 1 
430 376 1 
433 178 1 
349 4 1 
425 96 1 
417 168 1 
333 230 1 
466 359 1 
318 121 1 
404 94 1 
283 149 1 
292 79 1 
324 15 1 
374 12 1 
356 120 1 
465 36 1 
391 157 1 
378 190 1 
321 66 1 
306 276 1 
11 257 2 
83 148 2 
101 221 2 
40 78 2 
156 116 2 
177 69 2 
153 200 2 
41 63 2 
217 70 2 
241 54 2 
1 201 2 
30 108 2 
34 161 2 
245 65 2 
235 46 2 
104 32 2 
102 119 2 
258 124 2 
252 205 2 
266 25 2 
63 286 2 
158 143 2 
20 118 2 
212 247 2 
119 197 2 
146 138 2 
39 266 2 
160 42 2 
74 203 2 
220 76 2 
44 216 2 
133 0 2 
244 185 2 
111 17 2 
247 89 2 
66 117 2 
215 164 2 
107 195 2 
67 40 2 
3 271 2 
140 238 2 
253 92 2 
139 111 2 
106 6 2 
73 88 2 
239 170 2 
199 97 2 
21 284 2 
167 132 2 
93 10 2 
114 5 2 
108 85 2 
261 134 2 
187 227 2 
75 150 2 
29 109 2 
151 51 2 
126 47 2 
207 145 2 
285 31 2 
143 62 2 
70 188 2 
148 210 2 
87 278 2 
145 19 2 
45 61 2 
237 140 2 
99 114 2 
152 176 2 
135 68 2 
110 67 2 
179 180 2 
170 11 2 
223 2 2 
14 131 2 
180 3 2 
