64 315
11 257
24 375
26 310
499 385
83 148
238 244
493 232
475 198
429 309
234 268
439 125
206 424
381 214
361 431
101 221
40 78
112 358
396 442
156 116
128 312
400 390
410 294
147 305
435 250
383 474
336 112
177 69
467 316
362 162
351 182
153 200
490 288
41 63
78 457
346 110
246 414
217 70
201 335
368 329
241 54
1 201
322 494
30 108
294 72
343 389
384 175
34 161
341 472
245 65
235 46
364 64
434 181
447 99
104 32
105 370
79 461
326 74
390 50
102 119
487 187
109 338
183 404
315 169
494 28
307 327
258 124
496 277
264 381
270 403
252 205
164 478
266 25
63 286
158 143
464 455
481 41
328 413
394 122
419 215
115 298
122 426
440 419
335 237
4 417
171 443
124 394
240 320
20 118
69 361
312 388
441 377
212 247
0 423
471 318
491 409
248 328
358 253
119 197
146 138
39 266
444 95
160 42
473 262
74 203
220 76
44 216
272 179
299 445
310 354
460 39
360 242
190 279
406 16
27 475
392 229
216 454
338 280
305 476
309 218
431 322
133 0
244 185
411 202
438 428
412 433
131 337
424 37
111 17
290 352
476 304
247 89
55 459
359 53
66 117
91 368
402 234
25 448
95 292
215 164
61 400
316 251
107 195
469 317
344 146
289 127
67 40
3 271
451 384
325 212
454 82
249 287
423 332
140 238
150 300
253 92
456 231
139 111
370 415
106 6
428 308
92 324
348 344
142 364
375 151
497 105
73 88
239 170
199 97
421 184
21 284
173 333
393 83
35 449
298 106
301 236
167 132
204 408
65 438
194 269
94 437
482 248
332 86
276 458
485 211
93 10
114 5
47 314
377 144
161 489
108 85
314 33
366 471
242 498
302 405
280 299
17 373
261 134
37 456
218 499
98 497
413 254
155 331
403 420
187 227
182 393
483 130
492 173
75 150
442 159
48 366
313 171
461 371
308 193
399 285
162 392
339 273
13 351
138 350
31 493
29 109
480 342
151 51
468 208
363 267
323 468
227 349
126 47
291 447
479 91
430 376
16 425
278 313
207 145
443 465
433 178
285 31
349 4
143 62
70 188
148 210
224 321
425 96
33 395
417 168
87 278
437 473
225 427
145 19
397 386
333 230
466 359
127 379
357 486
422 421
318 121
404 94
283 149
197 410
292 79
324 15
202 275
45 61
334 436
405 453
250 483
237 140
181 411
374 12
286 360
221 412
345 353
356 120
260 336
268 264
226 401
228 374
176 291
99 114
219 491
175 347
152 176
337 480
174 481
135 68
465 36
391 157
409 460
271 289
297 397
110 67
179 180
378 190
170 11
223 2
14 131
180 3
321 66
306 276
123 340
